image_width: 640
image_height: 480
camera_name: narrow_stereo
camera_matrix:
  rows: 3
  cols: 3
  data: [1283.30892,    0.     ,  346.60258,
            0.     , 1288.3207 ,  207.16744,
            0.     ,    0.     ,    1.     ]
distortion_model: plumb_bob
distortion_coefficients:
  rows: 1
  cols: 5
  data: [-0.216285, 0.159618, -0.000256, 0.002181, 0.000000]
rectification_matrix:
  rows: 3
  cols: 3
  data: [1., 0., 0.,
         0., 1., 0.,
         0., 0., 1.]
projection_matrix:
  rows: 3
  cols: 4
  data: [1263.61487,    0.     ,  347.29387,    0.     ,
            0.     , 1275.29028,  206.22696,    0.     ,
            0.     ,    0.     ,    1.     ,    0.     ]
