# oST version 5.0 parameters


[image]

width
960

height
768

[narrow_stereo]

camera matrix
1315.690254 0.000000 462.023116
0.000000 1303.793615 340.988334
0.000000 0.000000 1.000000

distortion
-0.060553 -0.368070 0.001351 -0.011935 0.000000

rectification
1.000000 0.000000 0.000000
0.000000 1.000000 0.000000
0.000000 0.000000 1.000000

projection
1291.828735 0.000000 453.890583 0.000000
0.000000 1292.434448 340.019164 0.000000
0.000000 0.000000 1.000000 0.000000
