%YAML:1.0
sentry_up:
  pitch_diff: 0
  yaw_diff: 0
  Q00: 0.1
  Q11: 100
  Q22: 0.1
  Q33: 100
  Q44: 0.01
  # measure
  R00: 1
  R11: 1
  R22: 800